[milenbig.JPG]
filters=PicnikTint=1,28.654972,0080cfff;PicnikTint=1,0.000000,0080cfff;
moddate=000007ac54d30000
width=1920
height=1074
textactive=0
[milentest.JPG]
filters=bw=1;
moddate=0000a3d054d30000
width=1920
height=1074
textactive=0
